380,35
10,95
14,23
14,10
10,137
14,6
13,5
11,27
11,26
11,25
11,24
11,22
11,21
11,23
11,20
11,19
11,18
11,17
11,15
11,14
11,13
11,12
11,10
11,9
11,8
11,16
11,7
11,6
11,5
11,4
11,28
11,1
10,302
10,301
11,11
10,300
11,2
10,299
11,3
10,296
10,295
10,292
8,15
10,291
8,13
10,289
10,287
12,2
12,1
10,284
12,3
10,280
10,278
10,277
10,276
10,273
10,272
10,270
10,260
10,259
10,257
10,254
10,253
10,252
10,250
10,247
10,246
10,245
10,244
10,243
10,240
10,239
10,238
10,236
10,234
20,2
10,233
20,1
10,232
20,3
10,230
10,228
10,227
10,226
10,224
10,222
10,221
10,220
10,219
10,216
19,2
19,1
10,213
10,211
10,210
19,3
10,208
10,204
10,203
10,200
10,199
10,197
10,194
10,193
10,192
10,191
10,190
10,189
10,185
10,184
10,183
10,182
10,179
10,176
10,175
10,167
10,161
10,151
10,147
10,125
10,115
10,111
10,107
10,106
18,1
10,105
18,3
14,1
10,97
14,4
10,89
14,3
13,1
10,86
10,16
13,4
10,14
10,3
13,3
10,2
10,1
9,7
9,5
9,3
9,2
9,1
8,14
8,11
8,10
8,9
8,8
8,7
8,5
8,3
8,2
8,1
3,3
3,2
3,1
2,3
2,2
2,1
0,551
0,478
0,472
0,0
380,34
380,33
380,32
380,31
380,30
380,29
380,28
380,27
380,26
380,25
380,24
380,23
380,22
380,21
380,20
380,19
380,18
380,17
380,16
380,15
380,14
380,13
380,12
380,11
380,10
380,9
380,8
380,7
380,6
380,5
380,4
380,3
380,2
380,0
0,465
0,464
0,459
0,475
0,571
0,570
0,276
0,573
0,572
0,275
0,272
0,271
0,467
0,12
0,400
0,10
0,473
0,8
