0,477
0,475
0,473
0,472
0,471
0,468
0,489
0,467
0,466
63,19
348,36
348,35
96,1
91,3
91,1
89,3
10,268
89,1
88,3
88,1
85,3
85,1
10,206
75,5
75,1
69,3
69,1
68,4
68,3
10,192
68,1
67,3
63,7
63,6
63,5
63,4
63,3
10,130
10,84
63,1
10,102
61,6
61,1
57,14
57,13
57,11
10,216
10,14
57,10
57,7
57,3
11,18
57,1
53,3
53,1
52,3
52,1
49,3
49,1
48,3
48,1
45,3
45,1
35,13
35,12
35,11
35,10
35,9
35,8
35,7
35,6
35,5
35,4
35,2
35,1
14,65
14,25
14,24
14,5
13,5
12,3
12,2
12,1
11,28
11,27
11,26
11,23
11,22
11,20
11,16
20,2
11,15
11,14
11,13
11,12
20,1
11,11
20,3
11,10
11,9
19,2
11,8
11,7
11,5
11,4
19,1
11,3
11,2
19,3
11,1
10,302
10,294
10,288
10,287
10,260
10,253
10,248
10,244
10,241
10,237
10,214
10,211
10,208
10,188
10,171
10,169
10,161
10,153
10,146
10,127
10,124
10,123
18,1
18,3
10,122
10,117
14,1
10,85
14,4
10,83
14,3
13,1
10,82
13,4
13,3
10,74
10,71
10,34
10,28
10,27
10,3
10,2
10,1
9,7
9,6
9,5
9,4
9,3
9,2
9,1
8,17
8,16
8,15
8,14
8,12
8,11
8,9
8,6
8,4
8,3
8,2
8,1
3,3
3,2
3,1
2,3
2,2
2,1
0,506
0,487
0,485
0,400
0,308
0,0
348,34
348,33
348,32
348,31
348,30
348,29
348,28
348,27
348,26
348,25
348,24
348,23
348,22
348,21
348,20
348,19
348,18
348,17
348,16
348,15
348,14
348,13
348,12
348,11
348,10
348,9
348,8
348,7
348,6
348,5
348,4
348,3
348,2
348,0
0,427
0,425
0,419
0,397
0,498
0,480
0,276
0,501
0,500
0,275
0,272
0,271
0,389
0,12
0,319
0,10
0,395
0,8
0,387
0,385
0,268
0,434
0,384
0,267
0,442
0,383
0,266
0,497
0,382
0,265
0,403
